11846
49765
23712
76532
98251
18772
79946
41949
20670
21915
1481
24139
77586
53922
74018
60585
57578
97200
51868
27550
84404
54910
17835
63391
11138
14084
68712
11204
37918
80381
6308
39571
43539
6189
73100
66730
85203
91376
52564
45441
26530
38801
65413
62245
80227
87858
29265
72993
81439
77689
87247
27617
15871
68830
54212
72121
29016
66321
26709
3507
48978
65311
19893
714
60640
22546
8701
92199
81332
30179
30608
37928
15036
36449
29223
93840
10499
82843
28415
72154
93886
16306
93673
39521
32948
97574
41734
87664
78071
37304
34244
1483
27428
71073
61332
19489
15823
37588
2840
36384
99446
63588
73247
2235
76798
6604
93817
66474
31248
34498
84461
73247
20006
61298
98019
21690
58935
19363
61973
77816
71032
32362
49992
82482
29240
20959
4396
46905
8659
66651
87481
6185
63348
36331
31889
46977
22348
82367
72312
9485
44416
87752
32568
37616
48039
69834
60107
4040
32979
92507
67546
56211
63355
81743
79934
42365
85458
54504
49958
86580
96323
76768
14127
69116
43608
80404
18233
18930
43794
64370
50588
72711
68769
94674
89502
11718
53092
68352
65429
44935
29841
71169
46634
77289
31234
66406
99167
21863
9274
78161
99214
45819
39871
90168
9341
94297
75081
34926
72385
91460
36456
61656
4210
8139
37134
60194
4454
81099
86579
41718
7450
27458
66216
1051
62371
44006
14389
49835
3786
21483
52782
20957
60048
58798
96048
4882
59911
46386
62446
8255
24459
11754
19262
2284
71200
54052
93508
41766
25166
33759
71316
83455
98310
83679
20832
28589
10257
18762
39866
80048
555
53764
36394
2504
44169
91747
62075
95091
31239
36619
75761
72645
50136
70573
67632
42290
63329
35663
66520
42167
36431
40801
60552
59881
36650
69635
25680
20803
28787
29908
58665
48309
55430
80495
89410
41657
16714
24700
80411
11439
42342
15915
93825
7339
21137
64461
5228
87630
11062
24277
21896
43152
28085
94993
2779
98510
27887
82889
61698
3373
15633
66249
94332
81304
90824
86582
73657
10042
86016
14369
93333
24059
26569
31453
57492
77282
13031
51703
91495
8587
34150
56621
47021
43027
82850
16044
28858
22158
39499
51142
62097
63245
67754
78108
85866
34609
17012
35368
87985
28004
36818
64448
68556
92820
38557
80787
20410
64505
24063
5808
71452
13051
96047
11420
33037
51551
42666
90927
59100
2172
20388
477
64134
31539
21029
91521
31112
16249
32786
20906
79400
27790
19376
64280
88353
47522
55100
38865
66935
16794
44199
31559
18188
57903
13267
99962
10536
28041
79525
79133
48555
17605
1081
23383
12311
86435
14505
75404
64277
20640
41761
14887
71319
83432
58416
50623
46401
68687
32840
12817
47356
37319
17785
85754
78081
26986
73512
13659
61515
53839
67536
28533
63778
81231
90629
19149
895
84688
49691
9704
29405
54035
42660
3532
41713
8362
90051
15856
75631
60675
17876
42352
71638
17362
14732
88236
30926
78474
62853
78833
61167
60775
53627
8127
15497
60530
83772
26962
53618
27238
60716
76790
80201
60414
94708
55325
11945
72655
675
2878
7325
64058
133
34740
87359
30440
61242
48609
90959
41451
57566
49050
32977
92976
9942
31961
33245
18033
21450
77318
84445
62858
42128
18449
6218
55326
73905
42886
45186
12608
25123
92463
20013
14760
87193
37998
76744
41354
66353
45599
31750
32565
23337
65258
88163
29990
21566
88578
81521
72751
53345
53528
65848
20662
23055
64114
13705
95339
62160
51756
52393
41916
5209
40334
70397
48341
77368
53771
48372
67054
92248
74478
34742
94263
8112
79229
29673
29524
14770
22146
89100
39298
57055
4120
51633
33915
30019
94225
14964
16657
24329
39244
93438
91075
34695
99862
30386
58730
8949
28713
83236
92722
67519
74814
43622
17650
68294
73317
41729
68467
51268
48690
86971
58129
71268
19476
86599
47421
28188
58328
43946
3610
34701
208
86625
19516
26269
57498
69474
57879
36318
21420
76023
42675
51433
31544
96018
62702
27617
716
30289
72072
34973
85398
60800
97434
4273
79874
58767
23229
72806
34180
87247
93448
13113
17080
8348
39719
70001
77916
5009
26761
30326
13631
88395
40948
71729
54323
32102
38740
29349
72657
4018
47487
66480
69657
36699
67807
89213
76909
3108
91574
20408
11794
38146
10521
36501
62777
92147
99900
96156
90267
32979
40256
36857
46291
69136
25813
31102
45821
8521
30246
34250
2644
64321
61443
34471
7686
96469
58773
16713
64176
41382
6538
10709
48419
17743
43523
34056
60678
55913
48901
42805
25916
41079
48085
24356
65954
19161
24946
8177
9487
83396
1734
63448
82099
30588
2045
1850
73886
32432
84998
23012
43963
22297
29696
88790
23783
15355
14582
60367
61046
49580
55689
16003
80518
25201
5710
79603
44334
62890
77111
51228
89033
68805
82903
84780
9521
89796
71911
61101
13955
21442
2417
36062
38400
11659
42628
40501
54999
83354
18402
95266
64613
54914
92691
7443
85680
80799
18866
84604
50172
92170
37531
91132
11884
61625
20307
62188
97750
99900
92044
72606
16380
61559
8446
17052
86759
81156
10177
34702
14341
4777
1428
55175
38404
7770
5251
10614
15111
42138
32020
9607
48796
32527
41703
67345
27475
96173
42834
36646
54940
52762
90778
39192
33240
30074
72952
66431
35903
88007
59449
78173
43815
61432
61629
82174
70656
75853
44391
56252
13663
30886
12606
36875
57182
55743
62155
21215
23775
22527
4909
79217
17075
15173
73196
42632
69260
8052
25129
10351
79357
13663
3527
5401
9327
3736
45463
27304
35369
9835
45780
77887
36767
90992
97879
62543
38415
34649
17584
38258
11528
29323
17865
84616
48866
93814
55987
49316
29698
34934
43253
69661
61457
83243
24119
18664
43150
47144
82034
14037
34591
31894
44776
21968
59914
37707
16730
58562
88530
69851
24901
97201
52873
65909
40861
85479
79569
6132
61184
91119
64998
92261
79757
5970
23679
4801
95375
80387
68156
65107
21676
84382
27313
57969
90188
23838
84881
85774
72507
88362
4802
21299
80631
60266
64971
61714
44481
49025
70074
78762
63633
70995
50359
83029
52873
8006
37108
24099
35669
34193
54461
45144
97499
44480
55979
59297
11151
6559
2813
86970
9875
33280
64513
34977
98132
70585
37581
22497
11969
68580
5094
78715
80284
3627
12775
65031
73519
75283
68570
76872
11289
64573
31921
96439
49519
15282
34850
14127
37019
14579
62847
69189
90376
45971
59632
24017
86828
13008
7054
3654
430
51568
82205
33632
50810
55664
59496
21691
28991
56320
28573
53600
27002
99106
60100
77236
8737
41152
2953
38630
15384
88654
86580
95597
76993
8525
74902
95783
10473
62583
64150
40751
65547
8853
83400
71320
67235
83733
57348
26390
11047
27072
58925
28867
71024
66553
17476
6894
45158
21577
7937
49923
23468
78954
37079
81700
38759
40711
7130
48673
26081
46534
67509
13931
52326
28748
14653
3153
10476
33916
57312
85950
37158
36156
85290
93407
27791
49835
75439
32653
36006
52464
48952
86217
31743
12474
64130
40693
94062
40864
25349
51141
38211
35401
72949
56072
4000
40742
36454
61622
32824
60399
14311
85174
25266
52565
16748
25215
60745
21326
55506
71023
93785
26452
99010
76904
70725
43470
34410
2669
29352
94528
98583
4985
37579
42924
20494
35729
31769
33615
35304
17785
14231
9013
68074
86807
34476
11001
10815
18549
76630
83912
64547
65813
77647
44999
92494
74677
11893
61675
11172
94072
172
73018
81292
27196
94646
83407
69866
90537
73254
63758
35964
18434
8884
20552
940
21720
90016
43997
18985
35234
35386
71615
64366
34482
27366
36107
28228
94833
30613
15248
28728
69685
92133
75182
43974
2290
35608
58980
77700
15877
58460
39994
33932
79813
45518
78254
62074
20653
44089
1409
83397
37576
3464
48571
78276
89219
75928
64517
29163
69923
35893
69919
48086
11002
53559
7010
82715
85525
55798
36058
25233
21979
16093
18207
92946
16404
18964
26254
83009
69820
69659
31177
3856
621
25992
4023
88719
43831
86517
39282
22578
42134
57041
98045
81510
75136
14043
28962
19530
89080
91242
18002
32174
17618
54147
87620
71017
79164
17260
91591
47471
72057
9671
75367
85901
1824
90128
24290
11088
38625
77588
12577
71689
35983
13337
81545
76883
97126
13799
16655
5951
82331
16377
53365
47973
82521
88237
72022
87966
31839
84770
93877
52899
15884
37692
43162
21340
21358
99432
43282
32006
49265
98569
44806
31032
63605
76287
35734
75819
50205
78694
42944
37383
26038
77601
6780
93286
38204
7792
76726
7648
24224
58450
63489
7640
93556
18622
28615
70476
8930
11580
76501
8106
78291
66543
17563
54809
8479
97092
74531
49670
89037
61022
44768
42117
48945
16152
59209
40995
82102
90825
43882
10518
80528
11524
3782
88363
16643
6623
80507
1312
48705
56338
36993
68322
35049
30492
35368
49038
38657
79356
38678
24198
13052
14346
62469
6727
48045
20716
59477
35267
40612
96094
65155
5546
78746
43709
59008
65096
33554
42933
56267
64759
17377
92501
97276
8947
85703
73154
79213
48274
1748
4965
21597
11211
47110
65922
48656
445
59499
77188
6855
85416
47266
67640
37373
77871
95763
55217
22590
29171
7184
68146
91778
26896
53944
1081
3176
70916
91898
65910
4058
89517
90348
65871
41752
55948
41743
70040
66350
38342
79091
10712
65192
12516
44845
42728
96583
54999
10612
32833
12124
35287
30878
45876
6146
26705
80678
59831
18656
59506
89868
97025
72440
18871
95984
73936
91403
63788
57973
33123
30509
19976
1896
19864
89625
34052
6587
6945
98006
35821
61627
51183
81467
10781
54184
51888
23709
97200
32382
26126
21825
63007
61177
99470
20711
85660
37818
50262
7299
36952
53179
78381
12270
44218
99002
52735
65647
16177
18515
65264
50631
87668
54504
32392
12645
19041
79003
65469
43419
16242
27753
7796
64522
47678
51416
78232
52897
96830
3510
11356
40424
99296
61558
794
84606
55363
9522
46883
81078
20386
85473
67838
62694
47201
51660
71822
9837
16901
22024
31016
4097
6036
61136
90324
69228
69862
35493
32862
28878
37033
65087
35517
63425
77620
13409
49029
66528
30296
34990
51978
93583
35920
62933
78736
91435
49299
35364
46285
37829
87542
89297
57274
24843
3158
45365
63559
35875
40142
39729
78712
49330
90046
52369
76539
64911
52109
76391
23089
37213
62042
15424
19935
50963
60515
63721
97783
64645
18950
66811
60029
47614
80570
62516
65280
27494
65516
12923
60078
24349
9349
93265
19955
66835
51648
48153
37830
77802
61070
29188
42312
97299
6643
74925
42905
41043
33986
20002
91995
41274
35297
33254
50458
99190
92248
27789
22444
91730
38459
34654
16915
32685
26059
35845
17211
5896
87135
24864
11291
8257
65430
41944
24370
59502
95706
14773
86195
19123
14259
33018
27857
94352
66951
3394
65289
12924
83532
69667
52783
4727
91730
14683
54363
71972
49697
6123
67397
48505
60975
76990
92315
85135
32074
51149
76422
69837
71431
74608
99230
59190
76445
20402
65931
3285
18873
30944
50534
26453
30984
22328
49926
88004
76865
77804
75156
98995
37289
92817
54766
7043
55175
36921
23279
71845
16232
10525
97351
34963
25515
71280
61125
74770
58911
63565
9379
64419
81325
5555
97890
63532
87741
14409
25934
67626
18335
3393
68506
19579
30354
57512
604
98836
1555
20967
59502
31108
22632
55615
81109
92122
50620
11990
99441
82421
40490
82746
48047
58268
19532
53325
14345
14021
21270
61093
50786
84492
34881
96959
45466
82275
11500
61802
40798
11482
66430
30074
48760
99717
9850
24055
12863
41842
45507
48070
79615
85058
55757
68827
58323
85087
81038
69536
48114
96792
32328
2937
21034
97603
21332
45448
52836
94641
57218
32354
81428
11555
3815
91493
19905
7050
75545
17606
24105
90546
49080
72489
73379
26226
99253
18154
84894
79260
67704
59202
96844
13218
38559
76557
13815
38133
32341
67394
35736
26104
86328
5555
63168
40873
8418
32864
81847
33246
79829
54582
28163
7975
26563
49802
48275
75519
90899
23626
98604
45306
94239
10498
59346
19896
61464
76992
21937
7096
35911
73939
27908
72954
97904
93946
29199
58159
30490
34847
10550
77320
77652
1262
74847
67089
78810
26221
15727
88246
11360
27909
98285
56223
8642
66206
50440
30728
1301
48447
70815
44862
56616
35411
64664
39496
79857
7689
69947
12922
48065
3197
43912
77066
22695
35024
67878
39359
45317
39727
31342
2272
97757
51568
29504
76201
28497
88370
91118
17305
48869
47286
69633
35674
52829
38114
87092
97040
46566
99706
57409
27562
25576
97508
70110
70275
69748
16569
12496
35297
75554
53158
83833
53978
17152
65083
57525
91219
64391
18443
2962
66047
3763
53790
70339
77797
58784
41717
10436
52239
43755
35163
9863
52398
63371
37750
76013
67478
10207
87344
90372
78397
75824
55531
80056
5103
86763
32375
10604
66068
80945
65246
5680
17345
99155
24147
65867
62317
62811
24143
8423
82753
68128
31014
74154
60785
91308
31155
7703
84283
1222
88030
53470
83145
15124
98941
80335
45939
3433
56930
11702
5345
52147
66482
9865
23964
72907
26532
70833
84089
92571
1702
89214
98541
46508
7365
13297
13267
70608
58492
49911
58570
63097
81236
94415
29394
93904
5563
62292
66049
22318
60508
37103
50828
55389
93369
85835
89377
75285
25819
84806
2398
71974
51213
39503
46031
23576
30084
61208
21011
71793
95631
87072
13723
38139
54642
78622
3547
48664
54923
97173
94826
76398
7553
24586
6817
52376
55695
63247
38277
6688
77843
58794
44470
51402
73516
17532
18429
25956
75976
49448
28197
67644
7121
98138
86205
12397
78074
36354
28665
95740
22925
40225
6603
72597
33851
91524
99994
19065
75404
84388
83946
48618
79325
34120
97264
90298
91690
35202
96913
2104
30965
97476
90756
12040
89545
26567
87756
77567
51651
99975
49290
34970
56278
38363
41082
75575
60908
86340
71735
15286
31925
52705
61005
83676
26309
34779
79180
96121
43978
63393
69447
26806
95446
73763
58013
34708
85690
17380
74836
86916
64042
68904
30451
4011
97482
52961
41031
20365
27727
85815
76251
94679
802
96342
17601
46514
91445
11547
12693
98658
22186
89352
48888
17663
46737
18504
64673
75621
70261
49467
6990
73497
37722
54449
46466
46371
83951
23142
3563
93007
88047
57936
12827
4232
82903
77368
79586
37388
86409
11147
50934
11638
90235
43713
26905
65393
56566
40341
82960
25256
65494
25775
80792
59612
85231
42819
39878
59554
83826
21454
55775
75107
33940
98825
55729
99590
71524
15455
71042
57726
5809
75472
11189
54406
65854
21465
37185
52351
34324
72640
53091
35460
37296
54086
6019
24275
96954
39063
22717
32034
83944
95135
41149
18287
42934
77007
20596
95708
81243
38748
93597
30510
89202
65722
94991
79084
95663
9125
43456
3246
61802
25010
13419
66136
57789
38892
30153
10572
4067
26571
7306
98618
27627
62674
1361
47398
79430
1448
83781
22520
30866
45972
30289
12101
3787
65484
73284
54802
17193
17000
6476
93410
69505
52146
13434
79956
63094
52273
7404
9506
5834
12848
36566
26316
72449
1093
95213
88017
16173
55207
82286
86747
74413
26359
38215
69590
89715
27605
33709
6280
20743
38700
59140
5340
63490
62110
87750
4507
66011
72135
86877
54575
46729
71037
82328
59970
10230
7635
8241
90214
86337
34233
85032
35588
43069
21012
49716
90623
76717
17123
51546
65921
98479
8319
96601
86786
23438
19003
52416
65231
14538
61191
31386
50316
92428
98192
19764
93402
2223
93644
62209
25189
60447
69919
11042
13071
98513
72647
47828
9008
33831
6756
42421
51742
56286
19813
11715
29678
2239
77535
28885
25927
47968
49507
24180
44717
74256
61499
41356
81659
10157
27122
86676
55659
46791
1324
8605
48108
28785
27526
95237
68359
98608
73195
94618
17504
56147
25941
19600
15752
1106
69601
54983
8910
15124
12072
48750
86270
29148
97720
87090
46530
11658
45337
44888
24135
584
42800
59240
82881
96154
48647
5741
95062
70554
71680
55518
86822
14065
41994
47061
22815
83652
34936
29152
5324
39233
4315
79157
68804
62770
14929
46314
99709
82427
5258
92346
85844
26293
23765
83209
6618
86767
97419
89231
87755
11795
87412
96160
51445
98451
86533
37602
61450
22059
18101
75269
69266
24988
78920
39055
27410
51823
13031
91835
26791
56118
47977
43247
16409
52021
55700
22277
65944
47738
6927
32227
72174
44602
69880
65419
26065
62492
3901
34605
63119
71479
71269
68794
84914
12481
49680
60981
71413
87350
90984
87989
46752
38916
90420
2163
81166
6551
34075
50861
79781
90030
43921
68576
46181
89186
84014
95370
27304
59908
35489
54296
58449
97432
47218
70713
45355
64429
48985
81919
92321
52004
58580
82440
33344
23654
55070
35734
78886
95576
15942
97694
82881
39570
58031
99654
48697
92053
68936
40679
15584
22928
4949
68607
10773
55166
82160
10743
74830
34989
99728
60534
68800
31706
16077
11328
3821
77547
42342
86138
72711
42735
25772
53097
93854
72381
38266
82602
74182
81510
26028
74068
98473
57280
82562
75290
1739
54887
92857
45952
89665
70159
95011
41541
48159
32312
574
19975
75003
8754
10987
70487
92450
33477
7283
83835
92964
11983
88401
69550
74449
4723
5513
84977
58088
2628
69833
49511
46000
40053
14796
2656
14065
48675
41893
1179
11141
14243
84677
11733
18001
56401
60743
98583
38730
49612
45923
70768
81499
35199
5526
66562
37005
20645
65307
82732
64242
48614
86390
7413
48678
25119
29132
13993
30011
10090
9144
90185
16734
86232
14313
91341
88689
78646
32823
63131
76488
91702
27277
28453
61521
13423
47984
11774
61305
44850
93163
75081
36925
208
68098
35385
74854
53400
39742
61537
96313
75395
70342
32034
87489
66525
67760
63950
11191
30036
1660
80443
32365
69947
26251
91378
11738
24117
14558
67325
83755
57439
75818
15883
97549
61299
75900
12970
39964
76141
10667
52610
94611
64150
88565
43721
96458
82469
75608
17362
46517
39995
95588
22938
632
67267
93057
95553
13972
46341
19448
96951
70167
8501
28478
5958
8252
96288
83089
9526
65147
88434
9560
76597
90986
99591
62884
34236
10092
54125
72589
97371
6028
9294
70649
63282
37810
75026
93480
28362
66212
29487
58707
55083
99773
37496
22474
87519
94769
76977
32308
37784
63751
80667
85349
83257
39990
6932
44474
50409
36327
81202
58651
21009
26991
27940
10111
21065
39661
28459
66896
72471
2837
49274
52847
49636
94414
16248
12197
96424
68960
93710
69151
62803
72209
65909
7887
54879
62233
73976
67163
61700
3571
12067
72459
78961
5851
89217
85477
68550
50893
17223
3535
43891
31669
60098
14838
89930
82926
59769
91366
1776
37206
95396
26040
88484
72840
50933
56056
18128
77889
618
38307
64225
23058
69082
19726
76352
15058
84923
55217
69826
85822
77914
7458
70049
80197
22994
96640
19632
17419
85501
14481
74674
34067
51698
61854
33115
92215
94022
82596
47073
89624
56765
32610
52793
37749
92009
37619
28397
26436
57789
79340
9934
29902
57003
79100
32231
67172
29500
87957
65812
34690
44316
60305
72204
13148
17712
99301
12859
6208
94992
39863
51058
76490
3624
21056
46129
8818
26539
32787
31361
44793
6625
35755
39256
9203
78631
31797
9774
90945
701
82519
2824
22824
65619
62508
4475
81608
61200
83387
4553
71533
17801
61919
45710
63212
13008
24959
92461
871
89960
36983
24535
46831
26274
11641
8538
48503
40751
85914
46389
43463
38304
94814
87844
60121
86981
23878
47766
71199
5507
33300
90994
76499
52990
22188
6378
26010
73443
26629
11479
56226
94520
77421
51663
20153
78833
69528
40557
47792
73307
31101
27108
69190
95754
69513
32968
39352
41140
18590
90936
52295
75272
91043
6434
77868
70537
52866
70669
471
48189
70166
34779
35328
3542
53578
10646
4304
59449
7363
79733
35722
67607
44685
71780
98062
79411
29422
83552
37930
94906
43262
33010
57179
56492
48291
35804
90269
87642
80511
34598
15221
52168
56508
96316
42669
3853
45370
36445
57581
17355
14749
56961
44449
60150
1965
94730
98264
64821
98548
91833
78724
95329
18998
41895
30439
56278
92143
14894
17298
81522
695
2792
12156
86304
25901
35209
48945
3027
41862
75865
32132
88714
13596
62567
59034
53106
48078
14045
14561
74917
80222
14140
96409
83912
61037
8613
25125
68256
55661
14800
58388
95903
28960
4307
33470
98739
96881
3056
98126
72585
42533
38345
85843
99397
75587
84158
20023
47385
46308
21627
72401
82204
66697
36497
16407
98983
82211
76194
71753
85590
26966
74443
94534
98144
32427
98642
53273
20749
66795
14957
63630
47211
2213
13364
96711
33071
45462
68054
73134
40247
20950
22966
11460
54494
90078
39624
72645
9630
9672
58980
58512
42084
66202
8221
13052
62703
35190
22971
35265
43322
37819
76132
82511
12707
21757
5348
69069
26267
44840
7101
63589
39199
59930
61705
50062
43515
82397
73712
72249
19831
4528
78536
39839
87907
99369
82508
37175
24854
86312
33855
37926
36165
65940
61176
32406
211
72461
8198
74077
14485
78954
65775
76308
49487
74646
66908
79733
15131
30480
82801
2353
86235
58432
84874
88887
35398
10350
76215
2439
61552
43971
79146
25710
19150
32304
49991
46681
10460
82939
88197
7446
19653
71212
10101
19223
25854
84856
32028
91761
41175
99168
76602
69992
54665
17276
98074
19659
65200
6114
99329
7433
91130
25706
81334
1880
8948
61206
65427
82901
22336
85020
87416
30619
59845
63210
34723
70699
87949
29585
25402
5499
33557
79598
52213
94236
32083
59729
53173
52902
25839
17075
26397
90537
66805
99054
57595
43848
19038
66102
87756
16574
10358
66221
16509
72868
25845
30346
94610
55246
48242
91347
37770
51799
38720
36394
78406
55271
95734
82633
92752
77978
93269
8105
94855
30722
27709
58396
97730
88795
17617
91093
52701
77032
59228
20958
45405
17863
83579
79545
37507
78249
61028
23261
88555
2790
63755
69603
98609
317
42611
6953
21793
99592
22119
52525
96214
18464
24857
28673
69264
99974
44220
77022
98633
51016
50023
44991
99793
62734
84089
70837
15705
13898
51721
8812
34211
92787
81110
16233
35434
81824
15343
74594
98715
51693
96348
60583
6639
54586
21609
58361
96029
36461
48922
62540
58806
8823
41938
33589
93821
55210
56965
20209
84299
59493
83859
40948
63081
39156
57006
86561
12238
37224
20525
81128
30796
76084
8708
21549
90802
91390
93255
2888
3822
48370
34949
47776
30859
3060
99336
57321
9497
27132
15923
51959
94010
60537
26564
92257
74806
87528
16668
66575
88204
18890
17458
38419
46964
30112
2430
46301
98029
53914
29032
80250
27872
16677
10038
29452
80384
61362
5856
90717
48240
36452
56928
52320
43269
10721
99259
88893
75684
88739
47760
5985
3954
33791
46857
83585
17884
48375
34742
60510
18230
41787
34312
65500
72927
12057
96664
83561
59145
90143
7918
34232
2243
79551
94966
43876
20574
91415
11099
6044
35733
46594
98124
12450
5616
35019
7584
93588
56784
88302
81113
38040
27502
2007
82397
8199
33281
24037
65777
16438
71144
80115
66193
34227
72248
3786
87047
74947
78434
26211
24701
46371
12267
76848
18361
12153
27683
73494
77679
39176
75222
89489
39181
94951
17495
11148
88972
63945
50799
38965
57172
57265
21969
99857
11677
91845
9427
9825
83064
64196
64745
58902
12634
51416
2433
88699
10302
6243
18161
42376
33031
60096
16382
77591
16495
68156
81636
76349
93878
77763
84044
65350
76779
85632
74270
66231
55236
43788
34240
25197
8215
79064
59723
83264
13627
19350
54166
16819
61454
21890
24242
19405
77912
83757
57580
88989
83038
54106
28086
33588
45919
32421
73634
71068
69131
76832
82372
21075
91550
43426
5346
7716
53270
32142
6854
21948
8425
36871
64299
19967
54855
63161
7056
78030
21338
80698
44381
98957
45552
10427
52900
90970
93982
22418
94459
10571
28210
69472
23460
81117
30837
17224
83593
1007
39573
44971
56612
85632
27707
77738
72619
30400
4264
5264
6939
95780
24261
88934
50771
69480
61699
33503
90883
66706
74557
55784
91582
9433
99961
13152
82248
78392
61322
70668
96066
57976
8251
66910
10409
89202
63406
27717
71256
90480
54885
15556
82953
24369
86634
34614
81051
65206
67421
15347
12109
52989
45955
63237
61888
82975
69590
82896
62032
15738
99355
37947
31508
61329
92610
12138
70747
71166
6015
65441
49779
27119
45404
48274
93267
40985
15727
67235
7905
55678
55314
24085
62014
90911
64843
45195
52084
52690
55799
54253
88840
67721
59471
10438
43172
72891
58593
81870
96674
63562
63247
52502
9831
98405
69240
15959
11744
13282
14070
22891
20321
33913
18615
23134
72992
76508
7821
73809
82364
40903
48867
52047
26701
21707
95054
25754
46776
67127
71174
26345
90546
27176
45538
18259
44246
6044
88823
45654
64687
15924
82902
34958
79544
3838
74286
96146
68127
21279
32670
95
34728
37478
10713
66715
27764
81569
65911
36532
78501
17519
44244
51859
70756
33202
46825
96230
11923
27742
37876
71927
99585
42216
84759
76360
68942
63833
15655
88814
23465
13204
9088
85312
60548
10943
75962
48266
77221
29449
46133
2282
12899
70759
29709
80275
38450
33061
78974
67949
57187
64076
485
5739
51968
87971
515
99800
63822
1307
51018
31520
84687
88803
71410
5213
65536
76778
45659
24277
34930
21347
32186
68262
9597
56158
9145
35622
79501
70599
49312
73775
48768
38252
65104
6894
56092
31460
11746
25059
72664
76772
63268
37465
65960
84362
46802
95497
82502
25881
75963
60055
5005
97032
31093
18189
93089
84511
87356
96010
19237
23046
75693
1587
8079
91433
74444
74954
18179
11925
28991
40285
26729
84211
42331
13572
1959
75036
7508
35506
10584
7993
55517
11053
31183
1554
49274
57917
37426
77141
17
18166
29269
82537
96733
56899
15635
63099
74273
42346
60398
92211
89582
14216
38500
97907
48043
33409
70244
11272
28314
6563
5789
892
89769
49594
51221
91851
48946
6426
4551
80921
75840
70909
95687
19296
98937
65385
77934
79564
45468
13688
87724
30640
58916
23246
17697
59153
28144
48197
28347
95499
62157
3800
9336
92715
59444
30483
43156
70255
53077
27296
1413
84614
26771
93517
17431
95621
48828
15792
81927
37940
78294
2365
48719
33821
94715
10529
21382
33385
5332
84386
21112
17841
75434
87707
58655
18487
98651
60032
45365
77065
18271
79954
51065
8359
8077
49768
28811
24087
46778
72068
76028
41957
48523
55811
67417
87155
61823
82562
9704
5491
88993
56517
19108
20557
5712
14251
97037
62319
97605
96654
78857
29482
46053
46530
52438
45931
92666
53144
9701
35403
75334
57525
52032
96423
62394
50207
61554
74911
53288
44857
84829
71044
13921
6110
85694
98920
42037
74571
96391
86200
95516
16773
58944
49682
49527
90254
60255
31788
18760
23395
63289
80903
31486
41971
73893
69703
21438
99743
33395
20031
7681
97490
59551
87407
82568
12479
97728
73056
65680
62622
12477
6635
41162
38749
76915
23456
39159
65912
30606
3156
54796
53227
23191
925
64849
75760
47958
67588
18681
48353
90900
68166
14339
66686
94369
99754
87838
89663
43084
43178
57525
87559
8526
33654
41118
75365
11855
3640
91875
52118
14603
36907
83473
33662
20701
68627
90757
25430
34079
34139
32536
72730
91603
72186
4194
16537
49140
87927
33104
19480
79222
15179
14366
99091
32694
55662
85299
7987
96320
51630
74700
38953
60031
33159
66207
81673
1783
11544
12350
5578
9625
86201
35055
70848
32823
34567
97038
6112
92909
47073
63469
2968
29876
45427
49206
37242
81894
60009
46566
88601
52532
18780
46621
42430
67420
42603
57395
32763
38490
83433
7174
24240
93378
15717
64048
74381
87083
98288
27719
24361
70604
62208
98526
81978
32862
11449
42503
48068
84134
5082
56010
9242
6399
61705
59369
67686
87118
39455
58326
17503
52621
58721
63354
50798
18125
80315
63522
53273
70197
40013
14221
68701
83649
18585
46211
94797
34836
94950
67416
1058
29721
85433
54799
42648
45032
81976
17784
63305
57125
21750
92645
39220
47558
84676
99277
68978
11296
77703
49464
10648
2958
45371
51058
60265
12316
4563
35288
41119
87902
56439
35018
4419
7321
28803
83502
93302
58062
19159
72493
13206
23909
7976
78537
98745
61017
41519
44443
4374
19110
982
44748
56388
46067
76253
86734
35031
77592
95538
97883
4497
557
18222
91954
43899
11346
48914
48201
42097
82035
53450
79332
9333
98211
41947
58639
64714
11676
35683
11466
50740
15215
60630
27130
13234
45627
90055
25876
64482
94456
80047
93455
61719
35798
72997
54865
70312
44729
34739
38844
70062
98932
54470
61197
43941
52265
69432
74369
65843
14269
1692
5436
53914
23475
48495
88906
51784
4409
59876
61617
28660
22931
69132
72119
44405
42831
8070
72934
7591
29209
24127
65433
21392
81766
26974
82896
20494
87598
14787
30744
66739
60303
36171
41557
12639
63951
73680
36814
45150
32273
61879
59070
39130
6373
6250
63359
34381
85456
63843
77502
93853
20481
49807
89291
42143
13754
87266
25476
28541
23223
38479
3722
12577
98697
66047
17384
56048
93988
21716
79920
62675
26909
2051
97467
11371
39637
84397
63194
25980
53342
8017
47062
29238
37445
81569
13767
75950
45563
82851
98457
39443
52213
64967
41664
96729
83725
64080
7497
72458
39779
39529
50269
99327
63313
71627
60790
37889
10524
77941
33751
83552
93708
29850
47514
62201
70025
89137
14158
2553
6226
14446
37328
24482
44857
51775
5121
4139
17067
87501
45636
9467
89982
13412
55726
17094
66705
81121
27705
72939
7916
61191
81762
53209
57475
80609
8140
11412
13935
17
25079
53306
22887
69785
28667
97834
94595
12257
22571
47493
51538
96803
98803
69843
45407
3264
69832
88632
21438
59205
24872
56197
94861
50439
38635
30654
46121
74570
87127
90526
95040
739
49132
14385
64580
35530
20948
51595
38762
52276
44336
21639
79403
27174
83888
73986
54088
51444
48896
84015
66217
54719
95716
69000
2151
13119
79536
81872
36900
45165
68893
63513
2696
61824
27111
46138
43721
72316
69488
8064
75101
86347
642
1961
42458
92584
23059
15815
26667
94566
72378
98508
70167
95244
63763
17725
7268
75205
92456
22773
1280
83394
94517
86091
14875
84288
7624
71160
37032
75770
91045
98478
80644
1296
89193
19711
61865
45331
5723
92943
71713
32279
83203
32877
89169
15080
6864
55143
59125
83768
82660
5524
86574
83163
34151
37079
74571
20848
75783
68938
1114
34979
9442
49907
22811
8746
72213
16917
43884
90923
44537
44153
1921
56945
80045
5672
85808
73801
41499
97879
36639
72990
50402
91270
3877
5704
59237
67092
12740
78543
54388
85966
93442
27565
93703
89032
54620
76091
15328
96348
26230
98960
60878
48287
30159
27641
54068
92063
56092
4568
91634
36722
78768
15083
71165
53059
30555
31357
77771
63492
64131
45326
33682
28088
87963
96880
76072
75008
84676
13859
33667
77415
18723
51392
7076
92123
27010
13244
77282
30818
94109
20951
96959
72921
61727
86713
22399
23309
5721
79593
55608
84171
26394
56699
35748
49518
72076
43015
52910
95734
82567
19838
6390
84870
50497
12933
7028
70337
97478
89426
94098
18659
496
10807
99461
90976
35266
20745
22099
67616
65961
43039
80606
59320
13796
84977
91110
37529
45301
64821
18770
31185
98198
47685
61212
22516
60875
43784
31917
91852
87170
65593
77475
77089
91662
2691
4923
8244
33315
81666
10106
29274
18465
30125
26504
44990
94481
96756
32049
31350
53774
7122
7265
1091
83695
58243
95231
26567
25063
56212
26759
36472
58724
49115
40327
54423
86210
72457
44012
63898
54391
92495
51659
58657
19051
38083
95385
54320
75600
96585
76577
55628
59692
95952
65737
25352
2616
11140
70322
67607
69623
13916
42819
91501
67798
82008
36051
1638
84346
75095
94318
3599
24748
51354
81554
73702
98509
85345
18324
49451
70607
39684
37595
9186
18390
98793
53839
80583
29585
87745
69192
5029
96764
43167
78927
40740
23299
78709
57905
45215
58353
82094
84909
94523
88292
55283
91709
93092
80743
229
81901
40782
53646
67847
30480
62593
32420
33757
25404
26537
45050
36381
44125
97672
27932
44369
25551
68096
40356
49203
13024
42950
30236
76530
47592
7952
9003
31130
22248
51158
84840
27223
23682
97617
43044
46960
414
25722
832
6474
77306
18003
10249
17022
3837
17383
74251
71207
64885
7649
57433
43730
17839
52599
45714
40830
22907
50080
67979
12096
62238
15526
36456
58805
58963
49586
80533
76136
80167
15388
74904
8279
23671
85595
22995
78042
17292
27096
56534
33630
24637
74810
22026
9658
23458
49989
48093
28798
42420
61758
53171
9592
78707
59761
24518
28030
99642
76116
38197
49808
16020
77536
88363
6034
63797
40338
86897
89484
43228
52649
35337
29406
13794
92914
67314
36744
85886
70645
83022
1252
72158
41303
48244
83272
3449
25701
9017
21386
74821
94343
46984
34883
14825
48299
48592
92129
89397
69861
72271
7527
91637
58174
41203
90816
40877
40324
18091
93023
91282
79720
81644
87787
33744
23734
86400
45912
23568
71936
21198
71358
71900
20346
12303
28642
88782
43918
16691
85522
60457
15439
97353
32134
50561
10503
9824
2868
16243
18025
60394
56579
28248
9675
82660
3900
27015
11951
93811
8742
11334
48730
73964
86122
92372
1040
82705
66232
20013
84783
38625
59318
50328
34699
54692
44837
34176
17193
89909
9014
56425
66992
82584
50539
88368
88763
18029
9319
91534
14885
82329
62233
50631
26513
20898
29821
53785
34027
31446
24104
92903
71927
71217
54544
18729
22717
61764
15543
4380
50232
72476
36987
82947
6284
88275
39418
79959
60078
74468
33439
98637
14406
34409
68575
58651
40344
99968
74527
88783
48996
4700
51921
38491
40127
13246
46899
64727
3019
57077
43125
37247
46470
91477
24403
92919
16328
75057
25214
8061
94474
99609
3252
38782
4318
3071
594
22212
90679
97644
92870
42963
43056
6796
58760
33702
18001
72212
32794
61884
37580
45801
63142
86465
72065
29844
14705
97360
3435
97334
18819
75295
29637
51404
9411
81147
81499
31198
65660
38301
22721
33607
94171
56109
82062
9963
38703
18201
86869
17220
66794
80307
55670
85986
56699
84786
37563
94423
16453
95808
25717
81223
10555
25761
10334
68044
49429
80503
77637
5588
7398
66261
78138
91118
23129
79700
53698
17873
50585
85733
50598
19631
89338
26548
79992
78043
36292
86087
79513
10927
70073
77546
70885
93125
64824
67362
16598
95939
62640
14296
74472
91904
73650
50601
91895
27516
92632
54525
56850
27754
77504
19075
64457
47559
46885
83917
40797
50050
10353
33816
81642
13045
83951
60869
71101
96325
99070
86191
58923
7950
64052
61035
4851
99494
11085
62682
81228
32551
49135
38963
71167
70607
46692
6424
50530
2185
28449
55637
84415
36995
7293
57722
45240
13743
79899
33848
52228
79675
17162
1379
83572
73260
73736
73207
56478
51615
48094
54156
46235
94590
98211
55502
74098
18458
44492
33771
29459
81023
41664
56183
95503
87695
23787
83813
9713
71965
43729
53241
30967
38914
15622
5446
99834
28825
36907
24213
50292
31602
526
13397
81545
44888
21639
40729
30453
71242
717
29283
31624
24988
24087
1143
42330
13058
60865
55448
64269
25060
86313
36496
82721
13526
11727
609
25714
43707
82852
80338
31474
29201
92770
21003
66430
55914
83449
91829
35043
92256
7632
63103
45539
86904
5804
31097
17703
5834
81380
24712
99048
73383
90895
82411
5018
63183
87134
94811
18217
39999
28001
41679
70843
27750
86242
26514
89652
39021
5495
51315
31554
70577
72095
22566
96224
81898
76411
81608
16586
44955
49398
89983
75039
8670
82577
9518
45538
57905
54277
54117
71626
98467
21844
52509
99541
36484
15024
21092
82133
28644
64551
30418
16194
92137
44664
33209
51803
39743
44363
95129
63818
50192
18839
62154
12729
11828
77515
18691
55475
43281
53440
66755
51040
12571
37054
29921
72582
34330
55008
2535
20026
74703
8695
30382
73335
76838
36557
84827
5799
39424
79074
47807
78223
96571
10532
62376
41694
30638
18313
56483
87497
83914
29540
37925
16868
23383
97136
66949
99442
40313
72614
97753
15099
95674
43775
57757
43769
72592
47211
55818
98191
94342
47845
3858
73065
86942
81901
12854
14816
58026
82498
82430
30385
6747
3219
24480
80502
16375
10926
29921
57611
35977
7952
29029
10178
59864
59458
58347
76390
81051
46236
75359
2022
43031
73952
69620
92127
80832
38632
38286
46230
42100
67814
27469
13040
58323
77617
50069
69693
93278
90221
54631
96443
95026
46524
72283
13200
82709
25088
84985
58726
6461
55319
79069
98750
59010
5975
14286
27638
41460
2100
17379
36336
9297
92050
12194
77043
74523
31955
41352
25144
36869
38517
11461
22758
26625
7714
11888
51024
72851
32948
80948
75750
58156
56089
42679
72573
40580
66869
58712
18070
42170
28034
67770
77430
69458
18685
44989
56075
58271
26389
37642
5505
20063
46502
43047
74856
78693
68226
72861
69802
31454
1120
74318
85504
2617
93750
85739
41305
28664
20650
92897
12139
86698
75338
2710
37904
88902
70671
48776
15842
40541
9125
41830
18207
391
76110
95122
59977
46741
92219
48864
572
83936
83010
88083
58897
57822
19841
75218
22259
63308
10825
73895
24116
91604
22340
94729
19981
19415
87323
87921
29996
36590
8433
57011
6053
40268
7642
10394
90759
74906
66141
99344
71383
5011
11198
4318
66840
63092
46050
88319
45821
86075
46408
6909
28791
97470
79692
42067
93005
21443
47967
54433
12924
42621
11551
19365
72788
41063
19400
11021
71968
66432
47559
78547
3268
14582
81088
6806
64048
43440
30430
53512
17537
59942
86897
50675
84986
27047
96513
76186
4346
25033
89444
93073
10484
62118
86005
42963
63210
24762
80304
31803
36143
29206
67073
2060
37590
51036
30522
22411
99124
44691
74385
66517
90612
37421
37467
34849
21893
69874
2408
20436
35815
35308
7661
58416
98116
48272
89333
96472
38365
25475
12499
14499
20236
72846
95912
61582
49102
83566
48710
81142
90095
21144
28423
39339
20727
93485
30295
33442
2628
41501
55839
58874
9766
30247
15155
67016
50404
64261
76105
38860
31357
94668
71788
16419
96926
65067
33257
17280
23014
69368
72788
4893
26338
18129
18800
23224
15635
24238
82753
62778
78298
50381
1783
84690
52368
49571
95270
90357
97771
91008
73125
57498
53967
86583
56206
73474
23496
64327
29974
79447
16089
93858
24416
4190
43829
39850
30216
78602
19158
52127
18788
28141
33545
27075
16439
41174
46263
36457
49190
87154
6426
91844
92650
45721
80974
58518
50344
48345
39419
71094
96591
44460
49828
12153
53205
70235
67430
22382
23844
4485
78513
7204
87200
55952
22827
73808
52163
37942
9072
36729
3857
4999
92565
443
54500
23848
11144
59878
10515
97344
44080
17933
97979
73560
65302
44352
2796
46375
60005
53088
71940
91046
33133
86294
30740
61766
54771
60061
27965
31339
34346
9245
24982
99172
88307
43196
79343
17002
4483
10021
57017
89191
49720
48204
63741
99546
43361
57769
35183
57104
4809
84881
45119
82440
21439
96092
59969
30737
85497
59666
77359
51669
7960
60828
98849
31588
83227
18221
143
40203
71056
35589
24738
47782
4423
49802
70124
21056
85360
45383
17608
42938
45060
67287
93095
62368
89972
91232
85550
67307
429
72458
43174
68736
62497
40157
44733
7188
65355
61347
61737
48325
10740
44905
79111
75700
42146
35492
87392
96576
23342
45395
8533
35587
4934
1127
80274
43847
22274
40977
88449
78720
17765
69188
79157
34839
64877
70314
60469
56124
120
53189
17080
94998
2497
8241
26411
46265
66094
47961
29228
26245
70494
31755
93209
63346
72809
74558
96991
9073
61798
15738
1916
71835
91425
37758
34052
89901
46331
34990
71804
58158
1278
75477
57663
4982
23946
87685
93246
87095
99432
74842
74947
77007
61272
23192
75652
47346
97131
34444
97177
11928
65309
76516
31657
72483
48304
14778
58536
32405
23451
26476
55523
40037
46599
20347
85292
6219
18574
40624
19713
41379
31910
99356
96370
37077
7956
9777
35889
61197
71490
46304
61836
9624
85719
54099
70448
92988
57478
9571
40823
81979
49525
97770
37477
30851
70286
39808
60811
35696
35078
41635
20207
2559
25239
84541
54515
98373
6333
91746
96532
78500
39622
63397
59502
98624
95161
62678
83177
19606
30540
44685
68947
2932
79055
89790
3881
89262
19741
65572
59368
4122
48207
80630
42268
72760
86884
49951
206
12912
85329
24670
14459
84298
99791
1522
61114
2585
79687
26799
44532
58380
2
57684
67476
47571
42813
29037
55167
40800
6301
67837
93228
52613
72665
98897
24974
93095
72903
55420
23069
38677
46013
77965
43146
46377
24334
7033
59006
68674
74415
32419
26073
93192
6022
65067
82008
81022
48837
63260
26288
93017
86963
75448
9972
36584
36755
56002
14997
47857
78352
72965
94135
20630
2274
5684
36955
12068
15844
241
27618
77
24568
87255
84335
19009
93165
76013
75941
44315
31009
56062
61297
25225
65580
9153
16376
58278
26691
53471
65013
83402
429
92492
48794
73657
44058
93793
49602
73028
84015
92661
86492
82731
47585
99390
93757
98096
45281
3728
47960
38560
83748
32569
59870
3784
99743
92319
93954
49515
84050
63849
90436
29440
95856
20888
24467
29617
42139
24997
51603
29872
18258
30935
57180
60463
15335
27130
77369
39616
1734
90524
52404
39814
21563
52030
92010
1676
69617
93687
53041
9982
8591
76311
48210
40724
75988
50975
46637
3411
48307
61702
88404
53266
38727
46706
80299
67043
59877
96390
71365
51455
85454
38921
61684
10139
74214
84325
39137
70171
93388
35822
22167
46222
58465
83922
76399
95261
64604
31132
6272
50928
21218
5076
9735
36540
17170
51168
33334
22224
88860
32534
74118
41086
7601
52489
72274
23077
7439
64613
9375
99782
82082
49408
48059
98887
16959
67638
80784
43095
20378
44407
3840
33779
34035
8212
13684
70102
7576
2436
67095
37127
47102
35725
31985
7945
18000
42549
84524
29262
73229
12924
15033
7105
5082
71959
2715
58814
1044
12306
77442
60960
27495
85713
97828
72862
82982
82914
6784
9645
16778
21550
86367
83727
48509
9260
68909
26434
41405
45698
41867
73380
33450
9006
99430
27474
92217
32127
87123
63518
71926
89736
24803
9134
91529
91783
65032
77022
26763
23036
1855
89519
24889
17453
82471
40130
94178
73705
81136
57574
46180
50642
19497
7685
51679
59129
23217
93917
80349
15975
12735
55234
36947
60385
44711
23315
43361
68221
12070
66447
5421
97995
31219
52941
61224
74919
42065
24144
19339
71418
20886
40358
50462
67351
80241
62581
85209
88126
68047
17677
86686
15799
52039
2750
16449
18442
66040
7740
3757
43294
10845
32716
43263
69816
85576
98527
49740
34384
14584
80512
39086
57249
35681
31912
44308
24011
92725
13478
66288
22440
56532
75176
67096
59888
72567
71315
23429
76868
16314
3139
51706
55961
6824
30451
62540
79205
68320
40797
1801
33979
21805
41936
57362
72890
66529
60527
64885
61265
3846
73619
97641
47135
9083
32434
17150
54039
82964
95158
83203
91650
57365
83812
91577
14147
48461
27400
29870
26893
69772
67797
8773
86255
60496
20163
21089
92765
68243
59393
55772
14526
11519
89342
5843
61219
32222
85512
53531
93163
36255
58873
50077
44037
73578
62595
86502
97747
20883
93146
90037
5775
98346
24533
28806
22732
53785
34350
9992
72768
33053
99226
37239
34893
48077
19123
69734
30035
25465
28165
80329
85309
55254
57679
28858
52900
37453
66821
22303
9635
51937
43130
30122
97639
87988
44743
55271
21748
5424
51860
5264
85936
30303
53949
46998
26824
94101
63258
99723
50405
10945
86250
8591
65248
99660
23708
92233
28192
92133
3215
6992
11698
33537
63453
22300
60730
65597
77849
47637
86807
76281
4607
85253
54664
32808
61909
56035
5422
33268
71322
69560
20758
39495
12917
83088
5302
58448
81681
39890
76609
13641
26264
97468
18606
6825
15945
80182
3626
97611
88341
70792
84485
31514
74048
35737
22444
4977
5553
60249
23283
26589
91982
94080
45741
56473
75598
56039
8206
4750
98882
48917
45716
69033
53848
2205
56641
60893
34668
60756
73152
46684
4818
42998
96958
79283
53251
24645
56447
23324
43062
60673
64170
70863
86466
7274
203
29290
18468
1364
26464
16743
73904
18415
3291
23755
90857
80046
40494
15608
10075
61757
67979
91525
26567
38580
23297
36811
56096
47141
94690
10793
1656
51057
27701
30489
62028
49272
12737
16353
51464
23801
37944
50947
76200
45268
76800
26009
57757
43091
936
94814
78513
29652
67064
39587
35722
11074
66780
46033
43203
38591
11937
87570
74313
46739
86784
31595
105
67585
56626
98219
74527
62334
94707
58313
39962
9280
50755
34570
69956
83129
55316
78583
10899
25809
23060
65843
76554
53623
60031
39385
14623
64953
93628
30676
68009
54193
46005
75001
66341
10582
63744
45587
71863
29009
22370
18729
75004
53925
61748
41896
62523
94444
62771
36514
9409
766
16849
80877
85118
5213
99167
23623
74887
71399
49879
62043
96485
30243
7114
67793
48500
52047
8131
41736
18783
45289
39731
1597
55360
1301
52367
88522
78914
72765
43236
85262
27788
38389
59728
50973
10029
57456
75336
57413
52202
41912
19170
98022
67600
71178
70478
34809
10864
86844
49503
64096
14454
95965
22085
2369
31740
14717
96908
18647
55379
91975
33761
80897
62617
62779
9054
62961
75740
77416
53731
15196
61338
9740
37375
92021
30402
2217
11924
79043
90824
24216
7930
13204
23666
62864
81589
77963
36221
48731
72847
63516
36711
82507
76162
24055
18704
9760
25352
73473
13331
14202
1364
91769
49841
92176
5942
70399
59867
89848
29473
72941
70797
78647
22696
36216
9649
78258
41392
76584
81990
37626
87372
95156
28775
30968
28626
87035
12012
3617
61721
73522
42962
72836
84349
63407
49669
86908
79328
82257
39113
34536
33786
28570
30765
31231
55561
95376
57847
21234
30292
5875
45285
92659
13838
17593
26550
77019
90923
20875
44817
14533
24407
34327
20158
29224
46660
39129
20578
93433
87925
7973
97546
50861
5150
95740
7733
2956
30614
7442
15588
29873
31053
50727
17401
90233
67049
52491
25861
2440
29305
83219
37429
7978
29384
70986
30360
44913
78570
65803
90659
12238
50936
14812
33
37756
63489
42077
9203
29808
40142
4418
18414
16428
70106
40403
82490
5249
8809
44106
92427
77885
85329
15013
36853
86479
58346
36303
60108
6858
51437
91816
8891
91051
8345
41956
11735
22579
94582
59081
22620
61178
48049
14385
66380
58762
93373
68756
81269
9604
31560
514
81060
46371
14645
52801
29411
93400
99747
30588
65531
23816
82935
33982
58216
99939
62138
60038
68479
89214
27673
30591
51928
12726
82046
8127
13084
4663
77902
97555
98900
89970
15631
37557
37831
98554
18988
80513
56769
20396
11111
29527
35293
4735
58865
37404
44089
44850
86835
16658
35808
99436
93997
3707
40882
48408
55193
7773
7141
38875
48544
14628
32765
37668
13688
57043
33513
63192
45246
9536
90013
5644
2703
8246
6923
18015
68394
68875
80640
27319
74037
40549
5968
2127
22656
78423
30409
31555
78635
71841
36796
21340
23809
13655
35987
43606
85261
20415
48943
9604
13313
36572
87269
92405
74912
92488
76016
443
17799
33616
85377
98451
29182
87141
89965
86742
52054
11300
14955
36641
14210
70757
26621
31778
90286
7514
3176
84521
62357
3117
31848
82193
44360
36846
80379
5002
5818
59120
33006
16630
71290
1948
1321
61206
11856
44325
95974
42387
1324
23501
49384
13194
61127
75526
70253
26306
27207
1226
63449
73512
65032
27037
62704
70396
35804
78790
14317
64388
84046
26232
7881
47971
54830
18608
25791
39639
53719
2410
14116
50750
29978
28304
63128
25508
52909
48769
42803
36609
10947
33039
45208
8484
16435
72016
82446
97067
72850
3467
55737
36986
69758
29212
43475
30199
78566
12112
31113
30846
84190
91159
80387
7624
64880
92283
66508
51877
71296
75550
55004
21758
75046
20518
88245
91888
71963
87087
10537
87473
23686
20714
77557
88049
93950
80437
94506
24295
50390
73981
64043
55696
2839
73774
61701
77857
75355
28536
70215
45416
16480
35351
6754
14146
9412
87169
70356
23473
16753
13188
48843
83301
65615
44921
64637
6292
68095
5696
66171
24342
39156
5489
43992
18419
63722
19015
39841
99245
81242
38026
55233
21859
84119
13959
74843
21207
84570
13353
14788
93534
22579
49313
4370
85251
68593
90600
6171
66644
97060
58595
59490
73698
60814
63308
9353
6758
77280
2523
80884
3238
83494
99436
45631
19508
15809
42567
4274
99599
62309
47965
17839
59196
47346
26625
98239
33719
13930
89674
75763
74969
11636
27885
48000
27350
8250
96747
86900
33903
48726
39692
40842
6269
91689
94058
47414
99140
95907
87649
55981
84100
95391
7852
738
92093
64918
7131
32141
19261
47510
96419
69897
21880
93380
81951
25964
26822
82093
69382
69546
75503
9597
3025
96972
72664
58570
43628
72669
67838
67847
69671
25539
21981
46046
31416
29867
15568
6352
79906
23075
25280
51096
92047
88572
90889
61773
46333
78173
98851
61566
79338
62064
47056
64575
76569
86421
49495
9236
46997
22125
2551
60963
74674
99018
46723
46833
45516
73348
5272
23073
90578
12298
12831
8166
29234
71736
51300
8607
63337
36514
25267
89291
28683
36670
30152
75448
9107
15620
58956
47164
25746
96664
34815
54689
28194
23563
41578
41173
1299
21362
51694
70484
53402
26330
8858
40816
77538
50557
11692
83237
3726
56538
81356
88650
43112
67357
47900
21160
48654
90246
99152
43462
49612
95950
87760
38790
48389
72169
95464
59382
13951
5509
10385
63198
76700
59622
53769
97175
2506
36957
33656
25729
61350
3731
12061
41698
59875
49514
74585
48725
2535
30044
50688
56227
93725
39171
26245
85010
98517
86128
71897
97747
75577
97927
59196
17280
63285
33059
6872
26087
66776
92126
92410
84886
8592
83875
12187
62250
58520
38546
3794
48577
33151
36365
36957
53844
72248
53217
65749
10117
24740
57850
64626
88477
79745
22812
27999
7451
20774
34546
88983
76850
89618
82156
36451
1646
86648
1837
1835
91535
11216
26252
31407
23777
36407
13247
6760
41213
3190
16649
38819
25435
1977
50459
43854
56431
47152
87012
86397
73865
43242
30743
3212
41408
62050
28708
36408
81521
57160
61069
13974
78135
16602
74454
43868
19305
83293
13150
62248
7090
9957
41227
66123
58494
97276
29494
94021
21846
69799
40244
14175
19526
71205
13100
17016
27583
53480
76902
52769
43016
39274
46375
67670
13782
13436
19659
2256
66677
78579
42456
9206
33068
90006
36052
99669
13290
98226
6731
4724
43026
70619
97440
1571
41157
12554
28521
74892
68100
99803
58306
59420
56938
77480
70095
84234
1931
41918
18329
32434
21583
40623
21716
55679
4894
23363
43828
91889
32833
80531
69075
93558
84441
7124
71862
84772
4087
93280
70517
87135
2842
67924
29399
86666
6716
98239
61060
21013
95773
24093
80932
17606
34500
47680
43717
50141
33529
20262
51712
71934
9305
62429
39345
25728
93161
921
51722
32041
57137
85047
22339
19821
7895
27520
76800
36592
99679
38790
92882
31467
2587
91811
47975
10919
97018
12657
70311
73843
83674
70535
88473
12318
84084
41290
40111
95735
18196
51779
83276
42664
43672
78589
12957
52642
65199
65270
11107
9324
15741
96793
92125
99930
46033
8737
78543
30254
34559
4224
12387
35115
18019
2647
20862
22798
69100
17234
40681
11753
98610
42693
1561
58395
15053
30461
75683
40876
89833
56585
23705
33965
77207
91446
10446
7120
30935
18110
67364
78285
57962
27250
36348
39422
99397
19382
13263
8327
64306
86667
23947
36289
13488
23673
82594
49765
5022
19765
74766
53949
10382
64044
66640
15461
76637
52344
39999
15880
40790
38856
71971
5321
35485
32869
88017
30883
28428
85105
56319
36836
29535
2413
43315
14283
52271
67881
51784
59559
4067
20319
38932
41838
53482
88362
9765
71342
74433
43556
64992
83358
68459
11864
43775
43282
96305
41332
55508
71762
30845
2467
15711
8492
67760
52938
52063
81811
22377
24733
43757
27967
99722
98917
82180
76908
30401
644
76510
237
62248
7523
66460
70385
89286
49060
77197
30303
44680
6003
58110
50240
40287
85675
83682
25603
16280
88594
87016
21806
71189
41056
97892
18487
85155
56744
92807
25344
59456
77006
32844
93851
37905
52270
70877
41328
45012
45294
13227
776
879
66798
7472
3419
91644
24282
77215
97409
16662
24395
56038
73206
78831
44087
60893
48276
88076
35241
3491
67758
16720
3724
79032
63185
75602
59322
19293
99428
94173
48909
30993
17049
30676
56728
78857
11351
2192
85956
30739
10075
26116
40243
83979
27837
5041
28602
87173
22043
97267
28108
44162
4182
90396
7709
91040
62966
21159
5082
46427
50205
13978
43063
32714
77753
26901
86013
67400
70052
90323
97564
2930
17026
26572
97359
88642
11213
37125
39462
92821
39320
25319
8854
17901
90333
85034
77263
76773
83270
79390
42700
95659
41866
82423
7194
54142
23024
74459
5772
78292
95626
28486
90154
93123
48858
28219
11626
53304
71417
60922
46286
68434
46943
8265
41859
44776
23773
48876
24843
6416
3367
60184
80519
93148
41239
97800
5672
70243
17376
81849
96360
98782
55269
7284
22942
64495
75525
63961
19778
76109
51065
35836
40774
60995
68839
74274
53248
26330
35084
30663
45142
12810
72527
62727
7438
8234
64405
41771
74079
51292
69505
40354
16528
92826
42797
55344
63253
141
44835
80296
95516
41469
97730
56964
99476
95733
2103
93660
78192
51385
52368
45198
90418
61537
31068
72330
92262
67809
50054
77430
16847
57878
10721
3087
96028
44897
22583
21639
58711
2096
86748
82573
71478
6039
55213
19057
52490
36421
33744
39026
3693
45669
36711
90380
54217
32475
51721
72629
67094
38276
42584
40704
15576
26164
82082
17993
35617
67543
76226
393
68462
50786
95271
40129
29774
34278
98299
90816
75339
24416
12998
96565
16722
67614
76252
16414
44054
42991
44321
4583
33504
93019
32853
20491
99288
80813
12117
57648
29041
51623
19569
75843
48871
2526
88574
13123
9450
93613
31555
83013
21177
27026
76570
88922
47649
4457
9557
35121
43171
63358
81906
71667
45798
64379
83156
48517
60748
34901
57350
97372
50037
95236
64948
32719
39789
91772
80189
17877
42174
86148
40430
84224
96367
59579
18355
56261
41525
22741
52243
3199
74664
34577
68130
49563
87715
50331
98943
57329
47726
59147
64348
69266
63356
78668
90306
76802
37416
17285
6908
41608
47604
21823
47126
91683
5436
98399
3075
21516
12466
22387
11122
3264
89568
43777
91662
38219
66491
93291
85170
47553
54500
72636
24170
57580
20924
25522
35668
68527
48068
65000
63344
49019
31654
41528
36341
77636
73955
42628
85798
86556
92675
69168
83526
65506
25659
89696
94400
90309
18842
78153
7267
40482
55117
13443
65774
10974
16319
97897
39074
10787
13360
23740
22376
39539
76739
9570
21198
55617
58144
26826
19273
21110
25295
99748
6294
85007
76958
47863
64402
87823
28513
48497
61953
86172
1909
13092
78130
56384
5867
98929
90161
874
65671
85420
83692
76690
40398
47640
53406
96500
76171
66532
5082
28879
73017
40417
47306
21221
51201
43339
22617
43915
59324
19188
73338
8480
24661
98414
11007
79082
68736
16239
9023
64416
27809
57002
38797
88883
67142
75672
95619
67675
72939
57548
46963
69377
64059
73965
42757
77477
73351
26091
55642
60260
38346
33099
40212
75523
8376
51450
9700
129
63223
35389
36035
93097
23438
38133
25005
6472
17686
34491
38279
4743
76466
70424
95237
86721
73181
40504
69267
56543
11850
76515
82088
80434
71148
98476
2607
85009
27605
60462
32250
76667
84070
81538
95939
3296
72277
52033
27492
58923
28039
30947
75395
84124
2299
67709
95535
60060
41140
76075
84712
47377
23364
95447
23962
72077
21211
98814
1168
82910
10322
18229
73472
97452
58521
97390
53004
79032
52666
58777
2542
12206
72631
85787
59842
33366
54383
60920
30823
75549
44417
4765
60942
9357
70966
98175
84172
59402
84866
70158
35234
20387
13942
28436
18934
50832
51614
17741
79340
83578
13522
42986
12888
80915
96560
90936
39434
10210
26799
68788
78884
27257
41427
64051
62985
17557
53052
42094
26661
17515
46992
57799
10095
54228
11631
54296
11317
6953
2715
84127
65339
23251
44210
21235
68369
57949
19449
98673
40583
74200
68861
84198
49779
44406
25834
49219
28734
21858
82149
87056
77281
44760
50665
24601
59741
769
62376
43622
2478
56149
30112
90540
69337
17647
22958
45093
96190
55608
89661
68759
88733
83977
28399
36688
81657
66798
92912
76361
41183
74956
25925
7100
49764
77789
65349
4743
20237
89
29104
3926
40294
81883
68777
33379
46814
69841
89990
17862
2633
88896
83776
93128
67495
30908
89589
44492
46150
36463
8849
70582
75949
65237
65199
29123
83200
36616
87378
91094
17634
34591
76565
3784
62682
80871
96492
82312
79755
46879
20912
56038
82579
23910
22445
28668
58824
65478
50573
10530
69884
36366
355
58964
58228
86771
41434
14424
72763
17458
84947
62818
83479
58626
88212
11295
84858
17943
34998
41469
64009
59232
19951
9110
11261
47364
74947
59540
7182
78883
34424
77426
40526
25095
55722
20740
88210
86441
83723
32519
44212
60902
43461
5805
83823
22135
89798
97656
88048
96776
21574
23617
98125
75805
63123
56152
32370
89001
81622
11337
84441
40901
6762
62067
73749
85806
89784
93002
32723
20718
45137
49069
90174
27911
77782
66538
75151
33714
44727
76097
69937
20056
72326
83731
67443
15031
471
70464
88775
47146
33850
5823
5532
14356
88754
91230
64985
86035
45228
2774
15745
66315
73460
65064
42457
31517
38084
7085
30275
95548
21041
88975
37162
93829
4688
3794
13768
53624
40463
23381
19637
97284
94297
31182
15998
41082
96652
31510
33722
60768
69606
77078
5398
79270
86148
65707
89167
5656
39705
33209
48522
53008
91915
89226
27641
39018
19682
99663
17975
33389
87874
24772
81478
75671
6855
32943
84377
3334
91938
71244
16820
94990
61532
28523
28580
29413
18231
18638
97114
18921
5143
59982
38926
44277
90695
64850
64272
50162
11148
29081
59530
45319
44646
23848
86964
67759
15891
624
73476
37405
34827
39397
41421
88553
47577
68074
98673
40128
18869
29813
6485
98446
88616
48479
26141
57392
68017
42325
81376
44041
54754
92451
6168
4066
33720
23972
49307
6617
89857
67004
31702
40359
8283
18048
77593
86845
1287
92792
52463
45336
81810
51464
654
51402
6863
9952
32957
30904
34422
95097
88011
47571
29810
80264
62414
41663
95529
99704
78520
40355
57292
11849
64912
89311
80261
174
64114
93143
61785
50327
7825
46906
3857
43343
57880
82644
59078
41337
53146
85434
35064
82844
31925
81022
2764
34234
35576
21289
35938
43795
17060
61513
34662
84577
22165
19517
31839
27855
22389
30040
1132
35767
26513
16439
45973
26792
90734
36709
73730
59600
9128
96239
17131
54698
53679
67967
51607
62250
16868
921
47408
7285
68645
437
34691
23432
10885
37940
95811
26843
74732
660
58119
20083
15851
13029
36199
23549
32755
54571
92722
61843
71943
74339
19264
14780
59867
50557
87632
22928
48271
21615
41026
31841
21582
4254
53114
40775
73363
68326
85506
24246
58677
60229
36741
47805
41655
61739
82410
13659
99847
92808
19839
5679
80763
55542
10137
15329
91643
34246
32368
7258
71158
75816
95146
55930
66701
81361
38078
24147
31829
27592
38075
60324
32615
27234
30608
28719
73930
58795
83128
32416
23702
63390
2005
12159
35457
50473
61511
24085
69520
76519
41034
19319
59334
99237
53217
8000
55107
85373
57147
8785
36798
16467
73743
29141
7991
66965
73209
12103
7115
90497
83688
45266
45798
63589
12502
98545
38996
46314
26014
72823
4930
33090
21097
33872
28892
72832
90445
87605
81750
74354
18278
69581
96572
72398
18350
50195
2025
36916
64041
72108
94828
32388
56867
85449
72747
57707
79886
30457
96468
65321
24351
32709
53748
49232
872
41491
6975
25292
69092
73535
16603
48614
71364
18831
27619
69464
51821
60901
52993
70580
25298
38247
80261
26185
33601
59864
12505
2569
49474
54264
54883
20549
88913
91472
58501
13643
36120
30303
91498
36249
77570
27172
88138
49009
12817
73296
72301
77057
8337
46799
68778
75997
73903
11494
12236
53378
36049
10867
49110
14566
34598
43307
16225
70744
86274
33553
86745
5159
42330
50964
51009
26950
81701
30973
23029
21903
58592
97197
48654
36546
68654
62437
87289
81999
45461
38280
54821
43228
21139
46674
38859
96009
67263
15814
25796
31403
75596
87359
10094
66045
97616
75013
56727
4221
52558
97627
92602
32087
90539
20107
88561
11104
66319
17993
48496
66699
1810
74799
41256
3263
301
3762
45810
3439
77123
34168
78987
72661
83310
64650
65623
6951
25684
28453
73747
96303
5047
5468
54640
73300
78413
43486
4880
20634
3643
46548
6299
96801
63814
79460
21300
77831
78439
86691
52192
33875
35460
67391
92396
82977
84584
22265
56486
52199
96774
15555
87088
31462
30498
63173
16498
12796
98825
96246
64485
63313
98835
39806
658
7411
84825
3753
49719
20230
60776
74123
31911
38926
36470
68676
58221
61660
42110
66784
44267
50571
3939
71364
41700
32964
89140
93481
88932
14500
45124
66102
63952
59348
1250
32641
57712
12646
31149
79798
39235
49639
67709
12619
6589
52294
36129
79573
18584
17437
98224
39219
37182
10804
67559
46000
98561
78994
46772
97535
89485
10172
36669
73442
27102
985
83187
99099
46304
85356
57455
74083
16085
38251
13406
36574
26401
92120
46883
31274
92958
88437
2167
24000
16505
68730
40635
76611
76833
63024
99722
51894
80526
17069
36364
39173
37318
4129
40295
65915
85557
71891
50206
86759
35106
36047
7345
47138
97053
74440
34399
93378
71511
41429
41919
60610
58632
77176
19000
67948
46915
46452
21098
47889
34125
23214
35609
49680
70127
6698
19118
41417
33708
72117
15647
92402
63741
12013
82827
51615
43419
86935
86441
34271
69601
38411
96777
41748
22123
75246
16949
57636
87802
74353
71933
60053
3696
68438
38460
96534
52178
98445
3040
28254
83286
78581
7687
19513
9933
23312
97812
71113
28187
49366
20295
4315
66176
96293
58225
41707
41096
63414
54657
61175
24911
60172
58855
82463
8035
13338
53380
94766
67440
10506
86339
81847
38933
72313
51559
8207
37248
20535
6005
87627
19865
56711
74749
80572
39814
11250
42412
45975
39913
77977
87630
88908
67197
36866
39726
267
34417
40154
96806
11793
18489
15759
7794
27312
46593
20355
93699
62248
50544
34510
32889
91023
65134
1870
79563
76139
81439
44338
26409
15515
45538
51458
45140
35712
24881
37999
87191
36919
4282
70980
16738
9050
85212
20313
56184
39439
84190
18988
80511
57115
59513
7491
65137
65394
69194
86804
40587
19785
67476
79815
75196
28427
11303
76282
54684
35940
94489
85669
66793
54103
43096
3954
36360
51003
17869
3329
2240
30106
74043
22174
65903
15522
28770
44645
49184
22986
88351
71568
98288
73101
28328
46917
77985
20497
62043
89703
50807
1191
54561
32792
74600
96929
20306
10049
9882
65443
417
4410
26108
88720
94551
42390
42111
10933
48859
49089
67411
21925
53979
21165
91591
53826
76951
16986
6469
45386
57363
1867
87333
26822
77925
67765
18132
6431
9208
37174
91832
83972
20988
62875
20763
71428
86500
62410
9320
66466
4720
6244
92741
66125
95995
60157
6114
18558
49272
52157
7498
67625
17545
60910
61282
25695
16825
42399
66583
62638
20845
8233
60284
14116
92364
7983
86294
58847
57859
89446
11091
33919
31226
88253
96810
14632
70361
91620
74105
63071
60732
27410
82763
19472
37213
37868
77240
85200
94092
40361
34430
5200
42626
11137
3660
13938
18978
14345
58069
31970
82223
63681
87087
22114
42407
74593
44462
20380
64949
88668
69299
46490
12725
32457
626
62998
78828
85907
88631
56296
82993
64675
50827
50461
98459
63609
33262
85903
49957
66830
81595
88002
46941
48737
11335
98179
84967
17537
15683
2661
50904
85635
71841
24238
70289
12211
60234
15504
67637
95786
44733
25534
48445
84008
70503
51248
16334
40071
56121
53221
56458
88414
72766
82797
81010
15403
55233
